Microsoft Windows [Version 10.0.19045.3516]
(c) Microsoft Corporation. All rights reserved.

C:\Users\Administrator>sqlplus

SQL*Plus: Release 11.2.0.2.0 Production on Tue Oct 3 15:04:07 2023

Copyright (c) 1982, 2014, Oracle.  All rights reserved.


C:\Users\Administrator>sqlplus

SQL*Plus: Release 11.2.0.2.0 Production on Tue Oct 3 15:18:34 2023

Copyright (c) 1982, 2014, Oracle.  All rights reserved.


Enter user-name: system
Enter password:

Connected to:
Oracle Database 11g Express Edition Release 11.2.0.2.0 - 64bit Production

SQL> @C:\oraclexe\app\oracle\product\11.2.0\server\rdbms\admin\scott.sql
SQL> alter user scott identified by tiger;

User altered.

SQL> connect scott/tiger;
Connected.
SQL> show user;
USER is "SCOTT"
SQL> show user
USER is "SCOTT"
SQL> select table_name from user_tables;

TABLE_NAME
------------------------------
DEPT
EMP
BONUS
SALGRADE

SQL> select * from emp;

     EMPNO ENAME      JOB              MGR HIREDATE         SAL       COMM
---------- ---------- --------- ---------- --------- ---------- ----------
    DEPTNO
----------
      7369 SMITH      CLERK           7902 17-DEC-80        800
        20

      7499 ALLEN      SALESMAN        7698 20-FEB-81       1600        300
        30

      7521 WARD       SALESMAN        7698 22-FEB-81       1250        500
        30


     EMPNO ENAME      JOB              MGR HIREDATE         SAL       COMM
---------- ---------- --------- ---------- --------- ---------- ----------
    DEPTNO
----------
      7566 JONES      MANAGER         7839 02-APR-81       2975
        20

      7654 MARTIN     SALESMAN        7698 28-SEP-81       1250       1400
        30

      7698 BLAKE      MANAGER         7839 01-MAY-81       2850
        30


     EMPNO ENAME      JOB              MGR HIREDATE         SAL       COMM
---------- ---------- --------- ---------- --------- ---------- ----------
    DEPTNO
----------
      7782 CLARK      MANAGER         7839 09-JUN-81       2450
        10

      7788 SCOTT      ANALYST         7566 19-APR-87       3000
        20

      7839 KING       PRESIDENT            17-NOV-81       5000
        10


     EMPNO ENAME      JOB              MGR HIREDATE         SAL       COMM
---------- ---------- --------- ---------- --------- ---------- ----------
    DEPTNO
----------
      7844 TURNER     SALESMAN        7698 08-SEP-81       1500          0
        30

      7876 ADAMS      CLERK           7788 23-MAY-87       1100
        20

      7900 JAMES      CLERK           7698 03-DEC-81        950
        30


     EMPNO ENAME      JOB              MGR HIREDATE         SAL       COMM
---------- ---------- --------- ---------- --------- ---------- ----------
    DEPTNO
----------
      7902 FORD       ANALYST         7566 03-DEC-81       3000
        20

      7934 MILLER     CLERK           7782 23-JAN-82       1300
        10


14 rows selected.

SQL> set linesize 100;
SQL> select * from emp;

     EMPNO ENAME      JOB              MGR HIREDATE         SAL       COMM     DEPTNO
---------- ---------- --------- ---------- --------- ---------- ---------- ----------
      7369 SMITH      CLERK           7902 17-DEC-80        800                    20
      7499 ALLEN      SALESMAN        7698 20-FEB-81       1600        300         30
      7521 WARD       SALESMAN        7698 22-FEB-81       1250        500         30
      7566 JONES      MANAGER         7839 02-APR-81       2975                    20
      7654 MARTIN     SALESMAN        7698 28-SEP-81       1250       1400         30
      7698 BLAKE      MANAGER         7839 01-MAY-81       2850                    30
      7782 CLARK      MANAGER         7839 09-JUN-81       2450                    10
      7788 SCOTT      ANALYST         7566 19-APR-87       3000                    20
      7839 KING       PRESIDENT            17-NOV-81       5000                    10
      7844 TURNER     SALESMAN        7698 08-SEP-81       1500          0         30
      7876 ADAMS      CLERK           7788 23-MAY-87       1100                    20

     EMPNO ENAME      JOB              MGR HIREDATE         SAL       COMM     DEPTNO
---------- ---------- --------- ---------- --------- ---------- ---------- ----------
      7900 JAMES      CLERK           7698 03-DEC-81        950                    30
      7902 FORD       ANALYST         7566 03-DEC-81       3000                    20
      7934 MILLER     CLERK           7782 23-JAN-82       1300                    10

14 rows selected.

SQL> select * from dept;

    DEPTNO DNAME          LOC
---------- -------------- -------------
        10 ACCOUNTING     NEW YORK
        20 RESEARCH       DALLAS
        30 SALES          CHICAGO
        40 OPERATIONS     BOSTON

SQL> select empno, ename from emp;

     EMPNO ENAME
---------- ----------
      7369 SMITH
      7499 ALLEN
      7521 WARD
      7566 JONES
      7654 MARTIN
      7698 BLAKE
      7782 CLARK
      7788 SCOTT
      7839 KING
      7844 TURNER
      7876 ADAMS

     EMPNO ENAME
---------- ----------
      7900 JAMES
      7902 FORD
      7934 MILLER

14 rows selected.

SQL> select empno as empid, ename as empname from emp;

     EMPID EMPNAME
---------- ----------
      7369 SMITH
      7499 ALLEN
      7521 WARD
      7566 JONES
      7654 MARTIN
      7698 BLAKE
      7782 CLARK
      7788 SCOTT
      7839 KING
      7844 TURNER
      7876 ADAMS

     EMPID EMPNAME
---------- ----------
      7900 JAMES
      7902 FORD
      7934 MILLER

14 rows selected.

SQL> select empno empid, ename empname from emp;

     EMPID EMPNAME
---------- ----------
      7369 SMITH
      7499 ALLEN
      7521 WARD
      7566 JONES
      7654 MARTIN
      7698 BLAKE
      7782 CLARK
      7788 SCOTT
      7839 KING
      7844 TURNER
      7876 ADAMS

     EMPID EMPNAME
---------- ----------
      7900 JAMES
      7902 FORD
      7934 MILLER

14 rows selected.

SQL> show scott
SP2-0158: unknown SHOW option "scott"
SQL> show user
USER is "SCOTT"
SQL> select * from emp order by sal ASC;

     EMPNO ENAME      JOB              MGR HIREDATE         SAL       COMM     DEPTNO
---------- ---------- --------- ---------- --------- ---------- ---------- ----------
      7369 SMITH      CLERK           7902 17-DEC-80        800                    20
      7900 JAMES      CLERK           7698 03-DEC-81        950                    30
      7876 ADAMS      CLERK           7788 23-MAY-87       1100                    20
      7521 WARD       SALESMAN        7698 22-FEB-81       1250        500         30
      7654 MARTIN     SALESMAN        7698 28-SEP-81       1250       1400         30
      7934 MILLER     CLERK           7782 23-JAN-82       1300                    10
      7844 TURNER     SALESMAN        7698 08-SEP-81       1500          0         30
      7499 ALLEN      SALESMAN        7698 20-FEB-81       1600        300         30
      7782 CLARK      MANAGER         7839 09-JUN-81       2450                    10
      7698 BLAKE      MANAGER         7839 01-MAY-81       2850                    30
      7566 JONES      MANAGER         7839 02-APR-81       2975                    20

     EMPNO ENAME      JOB              MGR HIREDATE         SAL       COMM     DEPTNO
---------- ---------- --------- ---------- --------- ---------- ---------- ----------
      7788 SCOTT      ANALYST         7566 19-APR-87       3000                    20
      7902 FORD       ANALYST         7566 03-DEC-81       3000                    20
      7839 KING       PRESIDENT            17-NOV-81       5000                    10

14 rows selected.

SQL> select * from emp order by ename ASC;

     EMPNO ENAME      JOB              MGR HIREDATE         SAL       COMM     DEPTNO
---------- ---------- --------- ---------- --------- ---------- ---------- ----------
      7876 ADAMS      CLERK           7788 23-MAY-87       1100                    20
      7499 ALLEN      SALESMAN        7698 20-FEB-81       1600        300         30
      7698 BLAKE      MANAGER         7839 01-MAY-81       2850                    30
      7782 CLARK      MANAGER         7839 09-JUN-81       2450                    10
      7902 FORD       ANALYST         7566 03-DEC-81       3000                    20
      7900 JAMES      CLERK           7698 03-DEC-81        950                    30
      7566 JONES      MANAGER         7839 02-APR-81       2975                    20
      7839 KING       PRESIDENT            17-NOV-81       5000                    10
      7654 MARTIN     SALESMAN        7698 28-SEP-81       1250       1400         30
      7934 MILLER     CLERK           7782 23-JAN-82       1300                    10
      7788 SCOTT      ANALYST         7566 19-APR-87       3000                    20

     EMPNO ENAME      JOB              MGR HIREDATE         SAL       COMM     DEPTNO
---------- ---------- --------- ---------- --------- ---------- ---------- ----------
      7369 SMITH      CLERK           7902 17-DEC-80        800                    20
      7844 TURNER     SALESMAN        7698 08-SEP-81       1500          0         30
      7521 WARD       SALESMAN        7698 22-FEB-81       1250        500         30

14 rows selected.

SQL> select * from emp order by job ASC;

     EMPNO ENAME      JOB              MGR HIREDATE         SAL       COMM     DEPTNO
---------- ---------- --------- ---------- --------- ---------- ---------- ----------
      7788 SCOTT      ANALYST         7566 19-APR-87       3000                    20
      7902 FORD       ANALYST         7566 03-DEC-81       3000                    20
      7934 MILLER     CLERK           7782 23-JAN-82       1300                    10
      7900 JAMES      CLERK           7698 03-DEC-81        950                    30
      7369 SMITH      CLERK           7902 17-DEC-80        800                    20
      7876 ADAMS      CLERK           7788 23-MAY-87       1100                    20
      7698 BLAKE      MANAGER         7839 01-MAY-81       2850                    30
      7566 JONES      MANAGER         7839 02-APR-81       2975                    20
      7782 CLARK      MANAGER         7839 09-JUN-81       2450                    10
      7839 KING       PRESIDENT            17-NOV-81       5000                    10
      7844 TURNER     SALESMAN        7698 08-SEP-81       1500          0         30

     EMPNO ENAME      JOB              MGR HIREDATE         SAL       COMM     DEPTNO
---------- ---------- --------- ---------- --------- ---------- ---------- ----------
      7654 MARTIN     SALESMAN        7698 28-SEP-81       1250       1400         30
      7521 WARD       SALESMAN        7698 22-FEB-81       1250        500         30
      7499 ALLEN      SALESMAN        7698 20-FEB-81       1600        300         30

14 rows selected.

SQL> select * from emp order by hiredate ASC;

     EMPNO ENAME      JOB              MGR HIREDATE         SAL       COMM     DEPTNO
---------- ---------- --------- ---------- --------- ---------- ---------- ----------
      7369 SMITH      CLERK           7902 17-DEC-80        800                    20
      7499 ALLEN      SALESMAN        7698 20-FEB-81       1600        300         30
      7521 WARD       SALESMAN        7698 22-FEB-81       1250        500         30
      7566 JONES      MANAGER         7839 02-APR-81       2975                    20
      7698 BLAKE      MANAGER         7839 01-MAY-81       2850                    30
      7782 CLARK      MANAGER         7839 09-JUN-81       2450                    10
      7844 TURNER     SALESMAN        7698 08-SEP-81       1500          0         30
      7654 MARTIN     SALESMAN        7698 28-SEP-81       1250       1400         30
      7839 KING       PRESIDENT            17-NOV-81       5000                    10
      7900 JAMES      CLERK           7698 03-DEC-81        950                    30
      7902 FORD       ANALYST         7566 03-DEC-81       3000                    20

     EMPNO ENAME      JOB              MGR HIREDATE         SAL       COMM     DEPTNO
---------- ---------- --------- ---------- --------- ---------- ---------- ----------
      7934 MILLER     CLERK           7782 23-JAN-82       1300                    10
      7788 SCOTT      ANALYST         7566 19-APR-87       3000                    20
      7876 ADAMS      CLERK           7788 23-MAY-87       1100                    20

14 rows selected.

SQL> select * from emp order by job, sal ASC;

     EMPNO ENAME      JOB              MGR HIREDATE         SAL       COMM     DEPTNO
---------- ---------- --------- ---------- --------- ---------- ---------- ----------
      7902 FORD       ANALYST         7566 03-DEC-81       3000                    20
      7788 SCOTT      ANALYST         7566 19-APR-87       3000                    20
      7369 SMITH      CLERK           7902 17-DEC-80        800                    20
      7900 JAMES      CLERK           7698 03-DEC-81        950                    30
      7876 ADAMS      CLERK           7788 23-MAY-87       1100                    20
      7934 MILLER     CLERK           7782 23-JAN-82       1300                    10
      7782 CLARK      MANAGER         7839 09-JUN-81       2450                    10
      7698 BLAKE      MANAGER         7839 01-MAY-81       2850                    30
      7566 JONES      MANAGER         7839 02-APR-81       2975                    20
      7839 KING       PRESIDENT            17-NOV-81       5000                    10
      7654 MARTIN     SALESMAN        7698 28-SEP-81       1250       1400         30

     EMPNO ENAME      JOB              MGR HIREDATE         SAL       COMM     DEPTNO
---------- ---------- --------- ---------- --------- ---------- ---------- ----------
      7521 WARD       SALESMAN        7698 22-FEB-81       1250        500         30
      7844 TURNER     SALESMAN        7698 08-SEP-81       1500          0         30
      7499 ALLEN      SALESMAN        7698 20-FEB-81       1600        300         30

14 rows selected.

SQL> select * from emp order by job, sal, ename ASC;

     EMPNO ENAME      JOB              MGR HIREDATE         SAL       COMM     DEPTNO
---------- ---------- --------- ---------- --------- ---------- ---------- ----------
      7902 FORD       ANALYST         7566 03-DEC-81       3000                    20
      7788 SCOTT      ANALYST         7566 19-APR-87       3000                    20
      7369 SMITH      CLERK           7902 17-DEC-80        800                    20
      7900 JAMES      CLERK           7698 03-DEC-81        950                    30
      7876 ADAMS      CLERK           7788 23-MAY-87       1100                    20
      7934 MILLER     CLERK           7782 23-JAN-82       1300                    10
      7782 CLARK      MANAGER         7839 09-JUN-81       2450                    10
      7698 BLAKE      MANAGER         7839 01-MAY-81       2850                    30
      7566 JONES      MANAGER         7839 02-APR-81       2975                    20
      7839 KING       PRESIDENT            17-NOV-81       5000                    10
      7654 MARTIN     SALESMAN        7698 28-SEP-81       1250       1400         30

     EMPNO ENAME      JOB              MGR HIREDATE         SAL       COMM     DEPTNO
---------- ---------- --------- ---------- --------- ---------- ---------- ----------
      7521 WARD       SALESMAN        7698 22-FEB-81       1250        500         30
      7844 TURNER     SALESMAN        7698 08-SEP-81       1500          0         30
      7499 ALLEN      SALESMAN        7698 20-FEB-81       1600        300         30

14 rows selected.


SQL> select * from emp order by hiredate ASC;

     EMPNO ENAME      JOB              MGR HIREDATE         SAL       COMM     DEPTNO
---------- ---------- --------- ---------- --------- ---------- ---------- ----------
      7369 SMITH      CLERK           7902 17-DEC-80        800                    20
      7499 ALLEN      SALESMAN        7698 20-FEB-81       1600        300         30
      7521 WARD       SALESMAN        7698 22-FEB-81       1250        500         30
      7566 JONES      MANAGER         7839 02-APR-81       2975                    20
      7698 BLAKE      MANAGER         7839 01-MAY-81       2850                    30
      7782 CLARK      MANAGER         7839 09-JUN-81       2450                    10
      7844 TURNER     SALESMAN        7698 08-SEP-81       1500          0         30
      7654 MARTIN     SALESMAN        7698 28-SEP-81       1250       1400         30
      7839 KING       PRESIDENT            17-NOV-81       5000                    10
      7900 JAMES      CLERK           7698 03-DEC-81        950                    30
      7902 FORD       ANALYST         7566 03-DEC-81       3000                    20

     EMPNO ENAME      JOB              MGR HIREDATE         SAL       COMM     DEPTNO
---------- ---------- --------- ---------- --------- ---------- ---------- ----------
      7934 MILLER     CLERK           7782 23-JAN-82       1300                    10
      7788 SCOTT      ANALYST         7566 19-APR-87       3000                    20
      7876 ADAMS      CLERK           7788 23-MAY-87       1100                    20

14 rows selected.

SQL> select * from emp order by job ASC;

     EMPNO ENAME      JOB              MGR HIREDATE         SAL       COMM     DEPTNO
---------- ---------- --------- ---------- --------- ---------- ---------- ----------
      7788 SCOTT      ANALYST         7566 19-APR-87       3000                    20
      7902 FORD       ANALYST         7566 03-DEC-81       3000                    20
      7934 MILLER     CLERK           7782 23-JAN-82       1300                    10
      7900 JAMES      CLERK           7698 03-DEC-81        950                    30
      7369 SMITH      CLERK           7902 17-DEC-80        800                    20
      7876 ADAMS      CLERK           7788 23-MAY-87       1100                    20
      7698 BLAKE      MANAGER         7839 01-MAY-81       2850                    30
      7566 JONES      MANAGER         7839 02-APR-81       2975                    20
      7782 CLARK      MANAGER         7839 09-JUN-81       2450                    10
      7839 KING       PRESIDENT            17-NOV-81       5000                    10
      7844 TURNER     SALESMAN        7698 08-SEP-81       1500          0         30

     EMPNO ENAME      JOB              MGR HIREDATE         SAL       COMM     DEPTNO
---------- ---------- --------- ---------- --------- ---------- ---------- ----------
      7654 MARTIN     SALESMAN        7698 28-SEP-81       1250       1400         30
      7521 WARD       SALESMAN        7698 22-FEB-81       1250        500         30
      7499 ALLEN      SALESMAN        7698 20-FEB-81       1600        300         30

14 rows selected.

SQL> select * from emp order by job, sal ASC;

     EMPNO ENAME      JOB              MGR HIREDATE         SAL       COMM     DEPTNO
---------- ---------- --------- ---------- --------- ---------- ---------- ----------
      7902 FORD       ANALYST         7566 03-DEC-81       3000                    20
      7788 SCOTT      ANALYST         7566 19-APR-87       3000                    20
      7369 SMITH      CLERK           7902 17-DEC-80        800                    20
      7900 JAMES      CLERK           7698 03-DEC-81        950                    30
      7876 ADAMS      CLERK           7788 23-MAY-87       1100                    20
      7934 MILLER     CLERK           7782 23-JAN-82       1300                    10
      7782 CLARK      MANAGER         7839 09-JUN-81       2450                    10
      7698 BLAKE      MANAGER         7839 01-MAY-81       2850                    30
      7566 JONES      MANAGER         7839 02-APR-81       2975                    20
      7839 KING       PRESIDENT            17-NOV-81       5000                    10
      7654 MARTIN     SALESMAN        7698 28-SEP-81       1250       1400         30

     EMPNO ENAME      JOB              MGR HIREDATE         SAL       COMM     DEPTNO
---------- ---------- --------- ---------- --------- ---------- ---------- ----------
      7521 WARD       SALESMAN        7698 22-FEB-81       1250        500         30
      7844 TURNER     SALESMAN        7698 08-SEP-81       1500          0         30
      7499 ALLEN      SALESMAN        7698 20-FEB-81       1600        300         30

14 rows selected.

SQL> select * from emp order by job ASC;

     EMPNO ENAME      JOB              MGR HIREDATE         SAL       COMM     DEPTNO
---------- ---------- --------- ---------- --------- ---------- ---------- ----------
      7788 SCOTT      ANALYST         7566 19-APR-87       3000                    20
      7902 FORD       ANALYST         7566 03-DEC-81       3000                    20
      7934 MILLER     CLERK           7782 23-JAN-82       1300                    10
      7900 JAMES      CLERK           7698 03-DEC-81        950                    30
      7369 SMITH      CLERK           7902 17-DEC-80        800                    20
      7876 ADAMS      CLERK           7788 23-MAY-87       1100                    20
      7698 BLAKE      MANAGER         7839 01-MAY-81       2850                    30
      7566 JONES      MANAGER         7839 02-APR-81       2975                    20
      7782 CLARK      MANAGER         7839 09-JUN-81       2450                    10
      7839 KING       PRESIDENT            17-NOV-81       5000                    10
      7844 TURNER     SALESMAN        7698 08-SEP-81       1500          0         30

     EMPNO ENAME      JOB              MGR HIREDATE         SAL       COMM     DEPTNO
---------- ---------- --------- ---------- --------- ---------- ---------- ----------
      7654 MARTIN     SALESMAN        7698 28-SEP-81       1250       1400         30
      7521 WARD       SALESMAN        7698 22-FEB-81       1250        500         30
      7499 ALLEN      SALESMAN        7698 20-FEB-81       1600        300         30

14 rows selected.


SQL> select * from emp order by job, sal ASC;

     EMPNO ENAME      JOB              MGR HIREDATE         SAL       COMM     DEPTNO
---------- ---------- --------- ---------- --------- ---------- ---------- ----------
      7902 FORD       ANALYST         7566 03-DEC-81       3000                    20
      7788 SCOTT      ANALYST         7566 19-APR-87       3000                    20
      7369 SMITH      CLERK           7902 17-DEC-80        800                    20
      7900 JAMES      CLERK           7698 03-DEC-81        950                    30
      7876 ADAMS      CLERK           7788 23-MAY-87       1100                    20
      7934 MILLER     CLERK           7782 23-JAN-82       1300                    10
      7782 CLARK      MANAGER         7839 09-JUN-81       2450                    10
      7698 BLAKE      MANAGER         7839 01-MAY-81       2850                    30
      7566 JONES      MANAGER         7839 02-APR-81       2975                    20
      7839 KING       PRESIDENT            17-NOV-81       5000                    10
      7654 MARTIN     SALESMAN        7698 28-SEP-81       1250       1400         30

     EMPNO ENAME      JOB              MGR HIREDATE         SAL       COMM     DEPTNO
---------- ---------- --------- ---------- --------- ---------- ---------- ----------
      7521 WARD       SALESMAN        7698 22-FEB-81       1250        500         30
      7844 TURNER     SALESMAN        7698 08-SEP-81       1500          0         30
      7499 ALLEN      SALESMAN        7698 20-FEB-81       1600        300         30

14 rows selected.

SQL> select * from emp order by job, sal ASC;

     EMPNO ENAME      JOB              MGR HIREDATE         SAL       COMM     DEPTNO
---------- ---------- --------- ---------- --------- ---------- ---------- ----------
      7902 FORD       ANALYST         7566 03-DEC-81       3000                    20
      7788 SCOTT      ANALYST         7566 19-APR-87       3000                    20
      7369 SMITH      CLERK           7902 17-DEC-80        800                    20
      7900 JAMES      CLERK           7698 03-DEC-81        950                    30
      7876 ADAMS      CLERK           7788 23-MAY-87       1100                    20
      7934 MILLER     CLERK           7782 23-JAN-82       1300                    10
      7782 CLARK      MANAGER         7839 09-JUN-81       2450                    10
      7698 BLAKE      MANAGER         7839 01-MAY-81       2850                    30
      7566 JONES      MANAGER         7839 02-APR-81       2975                    20
      7839 KING       PRESIDENT            17-NOV-81       5000                    10
      7654 MARTIN     SALESMAN        7698 28-SEP-81       1250       1400         30

     EMPNO ENAME      JOB              MGR HIREDATE         SAL       COMM     DEPTNO
---------- ---------- --------- ---------- --------- ---------- ---------- ----------
      7521 WARD       SALESMAN        7698 22-FEB-81       1250        500         30
      7844 TURNER     SALESMAN        7698 08-SEP-81       1500          0         30
      7499 ALLEN      SALESMAN        7698 20-FEB-81       1600        300         30

14 rows selected.

SQL> select * from emp order by job, hiredate ASC;

     EMPNO ENAME      JOB              MGR HIREDATE         SAL       COMM     DEPTNO
---------- ---------- --------- ---------- --------- ---------- ---------- ----------
      7902 FORD       ANALYST         7566 03-DEC-81       3000                    20
      7788 SCOTT      ANALYST         7566 19-APR-87       3000                    20
      7369 SMITH      CLERK           7902 17-DEC-80        800                    20
      7900 JAMES      CLERK           7698 03-DEC-81        950                    30
      7934 MILLER     CLERK           7782 23-JAN-82       1300                    10
      7876 ADAMS      CLERK           7788 23-MAY-87       1100                    20
      7566 JONES      MANAGER         7839 02-APR-81       2975                    20
      7698 BLAKE      MANAGER         7839 01-MAY-81       2850                    30
      7782 CLARK      MANAGER         7839 09-JUN-81       2450                    10
      7839 KING       PRESIDENT            17-NOV-81       5000                    10
      7499 ALLEN      SALESMAN        7698 20-FEB-81       1600        300         30

     EMPNO ENAME      JOB              MGR HIREDATE         SAL       COMM     DEPTNO
---------- ---------- --------- ---------- --------- ---------- ---------- ----------
      7521 WARD       SALESMAN        7698 22-FEB-81       1250        500         30
      7844 TURNER     SALESMAN        7698 08-SEP-81       1500          0         30
      7654 MARTIN     SALESMAN        7698 28-SEP-81       1250       1400         30

14 rows selected.

SQL> select * from emp order by job, hiredate, sal ASC;

     EMPNO ENAME      JOB              MGR HIREDATE         SAL       COMM     DEPTNO
---------- ---------- --------- ---------- --------- ---------- ---------- ----------
      7902 FORD       ANALYST         7566 03-DEC-81       3000                    20
      7788 SCOTT      ANALYST         7566 19-APR-87       3000                    20
      7369 SMITH      CLERK           7902 17-DEC-80        800                    20
      7900 JAMES      CLERK           7698 03-DEC-81        950                    30
      7934 MILLER     CLERK           7782 23-JAN-82       1300                    10
      7876 ADAMS      CLERK           7788 23-MAY-87       1100                    20
      7566 JONES      MANAGER         7839 02-APR-81       2975                    20
      7698 BLAKE      MANAGER         7839 01-MAY-81       2850                    30
      7782 CLARK      MANAGER         7839 09-JUN-81       2450                    10
      7839 KING       PRESIDENT            17-NOV-81       5000                    10
      7499 ALLEN      SALESMAN        7698 20-FEB-81       1600        300         30

     EMPNO ENAME      JOB              MGR HIREDATE         SAL       COMM     DEPTNO
---------- ---------- --------- ---------- --------- ---------- ---------- ----------
      7521 WARD       SALESMAN        7698 22-FEB-81       1250        500         30
      7844 TURNER     SALESMAN        7698 08-SEP-81       1500          0         30
      7654 MARTIN     SALESMAN        7698 28-SEP-81       1250       1400         30

14 rows selected.

SQL> select * from emp where sal>3000;

     EMPNO ENAME      JOB              MGR HIREDATE         SAL       COMM     DEPTNO
---------- ---------- --------- ---------- --------- ---------- ---------- ----------
      7839 KING       PRESIDENT            17-NOV-81       5000                    10

SQL> select * from emp where sal<3000;

     EMPNO ENAME      JOB              MGR HIREDATE         SAL       COMM     DEPTNO
---------- ---------- --------- ---------- --------- ---------- ---------- ----------
      7369 SMITH      CLERK           7902 17-DEC-80        800                    20
      7499 ALLEN      SALESMAN        7698 20-FEB-81       1600        300         30
      7521 WARD       SALESMAN        7698 22-FEB-81       1250        500         30
      7566 JONES      MANAGER         7839 02-APR-81       2975                    20
      7654 MARTIN     SALESMAN        7698 28-SEP-81       1250       1400         30
      7698 BLAKE      MANAGER         7839 01-MAY-81       2850                    30
      7782 CLARK      MANAGER         7839 09-JUN-81       2450                    10
      7844 TURNER     SALESMAN        7698 08-SEP-81       1500          0         30
      7876 ADAMS      CLERK           7788 23-MAY-87       1100                    20
      7900 JAMES      CLERK           7698 03-DEC-81        950                    30
      7934 MILLER     CLERK           7782 23-JAN-82       1300                    10

11 rows selected.


SQL> select * from emp where sal<3000;

     EMPNO ENAME      JOB              MGR HIREDATE         SAL       COMM     DEPTNO
---------- ---------- --------- ---------- --------- ---------- ---------- ----------
      7369 SMITH      CLERK           7902 17-DEC-80        800                    20
      7499 ALLEN      SALESMAN        7698 20-FEB-81       1600        300         30
      7521 WARD       SALESMAN        7698 22-FEB-81       1250        500         30
      7566 JONES      MANAGER         7839 02-APR-81       2975                    20
      7654 MARTIN     SALESMAN        7698 28-SEP-81       1250       1400         30
      7698 BLAKE      MANAGER         7839 01-MAY-81       2850                    30
      7782 CLARK      MANAGER         7839 09-JUN-81       2450                    10
      7844 TURNER     SALESMAN        7698 08-SEP-81       1500          0         30
      7876 ADAMS      CLERK           7788 23-MAY-87       1100                    20
      7900 JAMES      CLERK           7698 03-DEC-81        950                    30
      7934 MILLER     CLERK           7782 23-JAN-82       1300                    10

11 rows selected.


SQL> select empno, ename, sal from emp where deptno=20 and job='CLERK';

     EMPNO ENAME             SAL
---------- ---------- ----------
      7369 SMITH             800
      7876 ADAMS            1100

SQL> select * from emp where job='SALESMAN';

     EMPNO ENAME      JOB              MGR HIREDATE         SAL       COMM     DEPTNO
---------- ---------- --------- ---------- --------- ---------- ---------- ----------
      7499 ALLEN      SALESMAN        7698 20-FEB-81       1600        300         30
      7521 WARD       SALESMAN        7698 22-FEB-81       1250        500         30
      7654 MARTIN     SALESMAN        7698 28-SEP-81       1250       1400         30
      7844 TURNER     SALESMAN        7698 08-SEP-81       1500          0         30

SQL> select empno, ename, sal from emp where deptno=20 and job='CLERK';

     EMPNO ENAME             SAL
---------- ---------- ----------
      7369 SMITH             800
      7876 ADAMS            1100

SQL> select * from emp where job='SALESMAN';

     EMPNO ENAME      JOB              MGR HIREDATE         SAL       COMM     DEPTNO
---------- ---------- --------- ---------- --------- ---------- ---------- ----------
      7499 ALLEN      SALESMAN        7698 20-FEB-81       1600        300         30
      7521 WARD       SALESMAN        7698 22-FEB-81       1250        500         30
      7654 MARTIN     SALESMAN        7698 28-SEP-81       1250       1400         30
      7844 TURNER     SALESMAN        7698 08-SEP-81       1500          0         30


SQL> select empno, ename, sal from emp where deptno=20 and job='CLERK';

     EMPNO ENAME             SAL
---------- ---------- ----------
      7369 SMITH             800
      7876 ADAMS            1100

SQL> select empno, ename, sal from emp where deptno=20 or job='CLERK';

     EMPNO ENAME             SAL
---------- ---------- ----------
      7369 SMITH             800
      7566 JONES            2975
      7788 SCOTT            3000
      7876 ADAMS            1100
      7900 JAMES             950
      7902 FORD             3000
      7934 MILLER           1300

7 rows selected.

SQL> select empno, ename, sal from emp where deptno=20 or job='CLERK';

     EMPNO ENAME             SAL
---------- ---------- ----------
      7369 SMITH             800
      7566 JONES            2975
      7788 SCOTT            3000
      7876 ADAMS            1100
      7900 JAMES             950
      7902 FORD             3000
      7934 MILLER           1300

7 rows selected.

SQL> select * from emp;

     EMPNO ENAME      JOB              MGR HIREDATE         SAL       COMM     DEPTNO
---------- ---------- --------- ---------- --------- ---------- ---------- ----------
      7369 SMITH      CLERK           7902 17-DEC-80        800                    20
      7499 ALLEN      SALESMAN        7698 20-FEB-81       1600        300         30
      7521 WARD       SALESMAN        7698 22-FEB-81       1250        500         30
      7566 JONES      MANAGER         7839 02-APR-81       2975                    20
      7654 MARTIN     SALESMAN        7698 28-SEP-81       1250       1400         30
      7698 BLAKE      MANAGER         7839 01-MAY-81       2850                    30
      7782 CLARK      MANAGER         7839 09-JUN-81       2450                    10
      7788 SCOTT      ANALYST         7566 19-APR-87       3000                    20
      7839 KING       PRESIDENT            17-NOV-81       5000                    10
      7844 TURNER     SALESMAN        7698 08-SEP-81       1500          0         30
      7876 ADAMS      CLERK           7788 23-MAY-87       1100                    20

     EMPNO ENAME      JOB              MGR HIREDATE         SAL       COMM     DEPTNO
---------- ---------- --------- ---------- --------- ---------- ---------- ----------
      7900 JAMES      CLERK           7698 03-DEC-81        950                    30
      7902 FORD       ANALYST         7566 03-DEC-81       3000                    20
      7934 MILLER     CLERK           7782 23-JAN-82       1300                    10

14 rows selected.

SQL> select empno, ename, sal from emp where deptno=20 or job='CLERK';

     EMPNO ENAME             SAL
---------- ---------- ----------
      7369 SMITH             800
      7566 JONES            2975
      7788 SCOTT            3000
      7876 ADAMS            1100
      7900 JAMES             950
      7902 FORD             3000
      7934 MILLER           1300

7 rows selected.


SQL> select * from emp where not deptno=20;

     EMPNO ENAME      JOB              MGR HIREDATE         SAL       COMM     DEPTNO
---------- ---------- --------- ---------- --------- ---------- ---------- ----------
      7499 ALLEN      SALESMAN        7698 20-FEB-81       1600        300         30
      7521 WARD       SALESMAN        7698 22-FEB-81       1250        500         30
      7654 MARTIN     SALESMAN        7698 28-SEP-81       1250       1400         30
      7698 BLAKE      MANAGER         7839 01-MAY-81       2850                    30
      7782 CLARK      MANAGER         7839 09-JUN-81       2450                    10
      7839 KING       PRESIDENT            17-NOV-81       5000                    10
      7844 TURNER     SALESMAN        7698 08-SEP-81       1500          0         30
      7900 JAMES      CLERK           7698 03-DEC-81        950                    30
      7934 MILLER     CLERK           7782 23-JAN-82       1300                    10

9 rows selected.

SQL> select * from emp where deptno=20;

     EMPNO ENAME      JOB              MGR HIREDATE         SAL       COMM     DEPTNO
---------- ---------- --------- ---------- --------- ---------- ---------- ----------
      7369 SMITH      CLERK           7902 17-DEC-80        800                    20
      7566 JONES      MANAGER         7839 02-APR-81       2975                    20
      7788 SCOTT      ANALYST         7566 19-APR-87       3000                    20
      7876 ADAMS      CLERK           7788 23-MAY-87       1100                    20
      7902 FORD       ANALYST         7566 03-DEC-81       3000                    20

SQL> select * from emp;

     EMPNO ENAME      JOB              MGR HIREDATE         SAL       COMM     DEPTNO
---------- ---------- --------- ---------- --------- ---------- ---------- ----------
      7369 SMITH      CLERK           7902 17-DEC-80        800                    20
      7499 ALLEN      SALESMAN        7698 20-FEB-81       1600        300         30
      7521 WARD       SALESMAN        7698 22-FEB-81       1250        500         30
      7566 JONES      MANAGER         7839 02-APR-81       2975                    20
      7654 MARTIN     SALESMAN        7698 28-SEP-81       1250       1400         30
      7698 BLAKE      MANAGER         7839 01-MAY-81       2850                    30
      7782 CLARK      MANAGER         7839 09-JUN-81       2450                    10
      7788 SCOTT      ANALYST         7566 19-APR-87       3000                    20
      7839 KING       PRESIDENT            17-NOV-81       5000                    10
      7844 TURNER     SALESMAN        7698 08-SEP-81       1500          0         30
      7876 ADAMS      CLERK           7788 23-MAY-87       1100                    20

     EMPNO ENAME      JOB              MGR HIREDATE         SAL       COMM     DEPTNO
---------- ---------- --------- ---------- --------- ---------- ---------- ----------
      7900 JAMES      CLERK           7698 03-DEC-81        950                    30
      7902 FORD       ANALYST         7566 03-DEC-81       3000                    20
      7934 MILLER     CLERK           7782 23-JAN-82       1300                    10

14 rows selected.

SQL> select * from emp where HIREDATE>='20-FEB-81' and hiredate<='17-NOV-81';

     EMPNO ENAME      JOB              MGR HIREDATE         SAL       COMM     DEPTNO
